0111
110110100010000011101001110101010001000111110100111010111011011111000101010001000111
1101011100000111010000011000101110100111010111011011111001011001101010111
110001011101001110101010001000111110100111010111011011111000101010001000111110101011
001011010000011000101110100111010111011011111000101010001001101001111100101100110101
0000
110001011101001110101110110111110001010100010001111101001111100010111010011101010100
0100011111010110110011010111010011101011101101111100101100110101110100111110001010100
010001111011
111011101000001100110110000110101111101101101001111001001101010111
1100010111010011101010100010001111101001110101110110111110001010100010001111101011100
000111010000011000101110100111010111011011111001011001101010111
1100010111010110010111010010101111101001111100010111010100011111010001001101001110101
0100010011010110110100010011010110001010011110100111010111011011111000101010001000111
11010011110111011001011111
11101110100010010111111000011000101001111010110001011101001110101010001000111110100111
0101110110111110001010100010001110010
101100111101001111100010111010011101010100010001111101001110101110110111110001010100
010001111000
1100101111010011111001101101000100110100111010101000100110100111010111011011111000101
0100010001110111
11001101101000100110100111010111011011111000101010001000111110101110001011101001111011
010011110