0110001101100000001010111111011001101011111000010011111101100110100000100000010100001001111101011111000010011001110010111
0100111110101111110110011010111110000100111111011001101100110001101010000100111110101111100001001111110110101010011001110010111
0000100111110101111100001001111110110011010100111110101111110110011011000100101111010111110000100110011100101111010100111111011001
1001100011111010000100110000000110100010000010111101010001110010010111
010011111010111111011001101011111000010011111101100110100000100000010100001001111101011111000010011001110010111
01001111101001100110001110111101101010011111010001010000100110110101011111101101011000110110101001111100101010111110000100111111011001101011001110011000110
0001000001111101000110111000100000010011111001010100111110101111110110011010111110000100111111011001
00011010011100101010100111110101111110110011010111110000100111111011001
000101000110011101010011000110110101011111101101010111110000100111111011001
0100110001101101010111110000100111111011001101000001111101011001111000010110
